              precision    recall  f1-score   support

          01       0.00      0.00      0.00       192
          02       0.12      0.12      0.12       384
          03       0.26      0.33      0.29       384
          04       0.17      0.06      0.09       384
          05       0.13      0.30      0.18       384
          06       0.50      0.01      0.02       384
          07       0.25      0.14      0.18       384
          08       0.15      0.30      0.20       384

    accuracy                           0.17      2880
   macro avg       0.20      0.16      0.13      2880
weighted avg       0.21      0.17      0.14      2880
